1406.2572
1412.6980
1503.05671
1910.02054
1412.1897
1503.02406
1611.03530
1706.08500
1806.07572
1803.03635
1806.01261
1912.02292
1806.03674
1911.01547
2008.06786
2012.13255
2201.02177
2110.09485
2205.10343
0902.2206
1312.6114
1409.1259
1802.03426
1807.03748
1812.03828
2006.09661
2003.08934
2006.10739
2104.14294
2103.00020
2103.00564
2203.02053
2304.07193
1106.5730
1409.0473
1505.00387
1502.03167
1606.08415
1611.01144
1704.00805
1709.01507
1703.06868
1801.05134
1711.11053
1312.6229
1302.4389
1312.4400
1409.1556
1412.0035
1403.6382
1311.2901
1310.1531
1405.3531
1311.2524
1406.4729
1412.7062
1406.2199
1503.03585
1512.03385
1506.02025
1409.4842
1411.4038
1506.01497
1504.08083
1508.06576
1412.2306
1502.03044
1411.4555
1411.4389
1505.00468
1612.03144
1512.00567
1602.07261
1603.05027
1506.02640
1501.00092
1703.06870
1704.04861
1711.00937
1806.09594
1801.04381
1711.10925
1905.11946
1906.00446
2006.11239
2012.09841
2010.11929
2112.10752
2205.01580
2209.14988
2201.03545
2201.09792
2202.05263
2203.03605
2203.06717
2204.01697
2204.06125
2205.11487
2205.14100
2107.06263
2207.12598
2208.12242
2209.14792
2210.03142
2210.08402
2210.09276
2211.10440
2211.09788
2211.09800
2212.04488
2212.09748
2309.16588
2301.00704
2302.03011
2302.05442
2302.05543
2303.04671
2303.05511
2304.08485
2304.08818
2304.08466
2304.12306
2305.10973
2306.03092
2307.01952
2308.12966
2308.16512
2311.06242
2312.14125
1506.02142
1704.04289
2011.01808
0912.3995
1603.06560
1708.05344
1310.4546
1409.3215
1308.0850
1508.07909
1703.03130
1609.08144
1706.03762
1810.04805
1801.06146
2005.14165
2106.09685
2201.08239
2201.11903
2203.07814
2109.01652
2203.02155
2110.08207
2203.15556
2204.01691
2204.06745
2204.02311
2206.04615
2206.14858
2210.03629
2211.05100
2212.13138
2301.11305
2302.04761
2302.13971
2303.12712
2303.17580
2303.17564
2304.03277
2304.03442
2305.10403
2305.10601
2305.11206
2305.14314
2305.16291
2307.16789
2308.00352
2308.12950
2309.00267
2309.03409
2310.12931
2305.19466
2303.06296
2309.17453
1106.1813
1303.5778
1512.02595
1508.04395
2202.01374
2202.08433
2110.05069
2204.03409
2110.07205
2109.13226
2208.12415
2209.03143
2209.15352
2210.13438
2212.04356
2301.02111
2301.11325
2301.12503
2303.01037
2305.13516
2306.05284
2306.12925
2306.15687
1603.02754
1908.05355
2109.02355
1312.5602
1707.06347
2201.08117
2202.02005
2109.11978
2305.18290
2301.04104
2302.02662
2302.02948
2303.00001
2308.02151
